2000
-294
-201
-451
-935
-100
943
-67
-110
91
-672
-733
440
-506
220
-586
111
995
734
-284
-622
185
-860
9
-320
-122
329
353
741
912
-992
937
-561
942
414
886
-317
-126
217
698
-252
319
-324
671
-371
573
814
334
-915
-739
847
406
561
491
776
306
308
-136
-148
979
-460
-398
762
-498
-449
807
757
994
136
199
920
-901
379
-634
379
-204
-655
-226
-228
943
157
-731
345
120
990
-948
166
-915
-563
-392
776
729
729
313
-625
430
-517
651
-928
-459
137
-49
468
271
-394
-454
126
-400
-550
-156
506
982
-428
613
513
-555
-678
-704
-646
580
384
-426
-612
163
-874
104
741
905
883
494
-912
-476
-433
511
-670
-590
32
903
892
-855
-754
-813
-892
458
353
302
-490
-181
-773
-729
-848
-781
-808
-24
-331
14
-869
-844
381
-55
-474
374
955
851
-627
-214
332
97
-816
-876
-763
267
847
-451
488
853
-850
-664
-123
-315
-786
-792
-479
578
-799
787
675
962
-37
-272
700
-724
-78
-230
-903
-920
184
684
-108
-779
-388
-966
-64
-514
-811
565
-884
-793
257
-841
29
-607
442
-879
955
-676
-869
-914
194
-303
-3
160
-820
302
-714
-124
-849
-264
-28
717
796
99
-126
-490
783
773
798
887
946
-491
451
706
-58
-908
64
-519
846
-585
882
28
83
-244
541
11
-751
110
924
-637
-272
232
675
-265
-88
84
26
-974
293
15
595
656
719
130
960
205
475
-935
-853
865
684
482
-981
569
785
-794
840
479
-778
-646
606
551
-280
324
-566
925
-322
103
-776
328
56
-198
406
233
-474
777
-357
-512
-12
-147
320
686
-633
329
-895
-715
527
914
807
459
-569
-227
-208
-146
-525
481
-7
94
-988
528
715
-940
-671
148
971
-153
-209
201
-198
653
-342
555
-514
83
667
-946
-154
-54
-373
-954
-724
-885
-520
-175
-708
528
-854
-221
-664
795
384
913
715
340
765
64
-151
752
433
-199
-599
-268
635
214
920
117
807
-276
552
336
427
230
625
-247
-396
855
604
852
-438
189
557
304
-507
379
464
770
441
-477
-775
328
-801
559
-630
911
-289
-903
-743
380
-851
-376
-326
697
611
-671
-743
802
-920
-275
-687
108
-489
910
-304
74
376
915
-792
813
-336
3
-292
-580
928
876
583
-664
-121
-235
-421
704
-427
-691
668
-455
999
-49
-88
595
-545
-167
305
154
157
-241
-296
984
-985
10
-411
643
955
-683
-756
404
-113
179
259
-766
415
360
432
-294
-221
744
-294
-624
-315
-730
250
424
-186
-383
-481
-201
-339
-709
-181
269
-372
94
312
-581
-414
890
-915
-437
-883
883
383
-818
-293
-831
600
-507
131
897
-673
641
-925
-644
-117
485
331
-401
509
-137
357
-455
439
176
-968
-914
260
532
-738
-811
576
209
-339
388
947
-920
45
492
303
705
-135
-71
-222
416
715
660
335
580
-921
-996
976
-150
-315
-153
-984
117
667
-117
143
184
873
789
-774
-709
705
635
-71
452
-40
212
492
-856
-136
-166
-748
292
762
426
43
193
941
-157
-946
-830
-686
623
-196
302
307
-340
468
-766
991
-117
-774
-836
-631
-301
608
778
392
581
318
468
918
656
84
203
-580
886
-294
992
-144
825
-17
-567
-863
-376
241
-999
725
-72
-747
-314
546
-323
810
300
596
948
-630
855
115
131
-674
319
300
-952
-959
910
175
-664
-321
614
721
-16
966
-583
-940
-718
935
202
420
-111
969
-521
-606
-207
-63
-409
-523
673
-258
670
248
523
-716
35
-233
-65
932
112
378
407
980
-456
-907
-804
127
497
241
-881
97
431
-658
-200
217
-99
50
-744
986
318
-169
81
787
-696
-247
-788
651
-454
293
113
777
178
-686
-17
-85
595
119
-511
121
-6
561
505
-800
-558
-943
-238
129
-322
804
166
804
-20
544
-889
452
851
-639
62
-382
-140
-723
-573
563
-641
28
220
-970
187
-395
-468
-133
-39
-658
316
-327
805
202
802
172
-373
51
-783
-302
349
-126
809
122
963
807
-992
-291
-471
-537
324
953
811
52
629
52
209
698
952
787
934
-841
-776
-273
-265
724
-729
795
687
-3
282
-794
-544
537
31
-898
676
984
521
907
14
511
253
468
-758
445
-939
-532
152
63
-789
-312
-70
973
320
970
-505
-991
-827
-668
-818
-382
338
-147
90
4
-997
932
623
-319
269
179
-589
642
422
885
624
-516
213
-385
-568
612
626
-106
-308
810
-666
-118
247
197
308
197
838
790
896
409
506
323
943
46
586
-27
555
-117
63
-313
-14
496
362
-106
-763
-484
-325
544
-482
-991
299
-641
183
787
-227
747
347
-197
-327
962
982
-204
18
-522
780
-736
693
-490
650
421
-479
419
-813
-401
-290
-736
895
-120
-786
-204
523
-633
735
749
-82
321
-771
-449
-619
632
128
226
-489
-315
627
449
-487
650
-335
919
-565
-7
285
707
-978
308
-141
-216
357
-801
-333
692
-595
-251
-777
808
-305
-426
611
-993
-250
307
461
361
572
184
-472
23
-743
919
-919
-361
76
861
48
-566
-609
286
347
133
810
727
606
-952
-402
654
183
354
367
-603
-410
975
-138
-664
608
572
-421
-206
699
8
-489
-429
51
247
-857
-25
-391
-391
-64
236
-747
-460
967
-304
-978
-272
627
-212
-57
54
-582
523
-103
172
-454
-614
-916
-891
251
548
-252
-309
-321
-899
-445
422
-822
870
-661
-93
930
-429
106
-94
-656
816
-309
-803
991
633
-317
-422
-472
-468
191
620
-522
-711
-146
212
153
-636
184
-397
730
-546
941
553
299
-965
-218
918
817
57
-492
131
676
-878
262
809
49
-268
822
-585
-594
-215
-841
-428
-170
349
-925
-484
746
-146
660
-136
526
-46
767
-302
224
542
938
-222
-140
27
715
206
972
568
-721
405
724
-948
205
-181
-560
712
519
-218
-890
-646
980
877
568
-539
756
-716
913
414
-704
942
-255
-409
-372
-609
-837
983
649
-466
-748
39
-203
998
966
-634
-408
374
610
-397
836
-899
583
-714
988
325
-927
7
-474
8
-643
-147
849
251
77
566
-754
895
5
-811
557
138
81
-658
-670
607
-400
202
-923
-391
252
53
801
-243
323
147
-658
208
41
-219
833
-443
-670
235
467
-671
464
-110
772
384
401
-532
506
287
77
-501
626
-139
285
-668
547
277
-769
-950
-381
913
496
427
449
-86
587
887
61
332
672
435
436
102
-448
955
139
-436
-114
-909
-534
-775
306
-785
-207
566
232
193
732
-200
-908
-510
653
866
-117
167
-984
457
-210
653
-409
-897
-518
-667
801
-169
-441
455
-470
851
-265
588
-742
802
362
-226
-652
-591
921
963
-674
-684
-365
655
564
-838
-108
-713
-14
35
-444
-321
741
-323
-769
-579
-563
57
779
274
47
-354
396
322
76
135
261
-55
-331
-981
711
387
525
-227
-837
-185
-520
-194
-913
-187
537
-435
-17
1000
-868
-346
-215
-882
450
-399
-281
761
909
551
-862
-584
-492
316
385
-107
-643
203
-811
-786
-351
529
-508
120
-354
815
351
-998
-329
112
606
-25
-598
-785
-35
677
-891
541
399
-52
-649
-37
188
197
188
856
-366
584
-282
328
545
-908
317
-873
568
-372
-20
689
-207
676
941
46
-880
-236
388
-993
-138
406
-541
163
70
-233
521
-560
-647
850
-555
823
-13
179
326
-831
-877
-585
28
-37
-167
-506
-519
508
-684
963
156
535
988
-679
-53
-993
575
771
-616
449
4
-221
211
399
-636
80
605
-550
-222
675
-917
321
41
675
314
413
609
-858
610
-97
-966
-163
424
714
218
-635
36
45
-696
684
678
562
101
-427
-327
-358
431
-975
-546
-691
761
-413
-989
65
420
-688
-217
-363
123
758
-594
691
-402
898
-646
828
-165
869
5
-331
-813
-721
-707
550
567
579
-182
296
-846
-578
-192
833
-837
190
900
-113
-329
763
736
-262
-998
-996
7
-395
647
233
-522
83
-667
463
411
663
463
402
233
715
244
-445
996
-498
-447
124
133
-397
-88
-119
-310
311
487
878
-828
-500
695
906
-46
930
-176
996
-143
-537
-944
-968
44
-447
903
635
73
278
718
-833
-425
213
732
755
-790
-22
98
845
-54
-709
360
187
-597
-348
471
-343
-877
448
-144
-836
830
-873
-476
-125
384
221
-274
-763
148
284
452
-956
41
486
-345
877
-968
380
-477
-63
390
-53
12
88
-899
248
-430
-700
574
848
-919
276
758
-673
334
496
111
-608
-172
702
-383
-171
790
-581
-346
-736
85
23
790
-88
-86
627
-573
-533
957
696
908
226
20
855
138
581
400
358
-222
425
-110
-964
555
876
859
-610
342
-668
-180
-357
966
-566
-283
-771
-751
-358
-224
996
-84
640
861
-637
-766
106
-167
360
-855
-734
7
975
-35
54
998
-654
143
703
473
276
-632
-113
-831
141
-917
-543
573
787
-491
-365
-651
269
-627
562
-800
773
846
-611
198
847
-325
689
-462
428
233
-44
-687
737
-431
-449
346
499
909
-362
413
-954
-813
-154
-111
645
-183
627
573
209
679
-650
-371
-250
273
-763
-537
845
273
-130
-856
-974
-773
434
512
-84
432
-409
960
43
-661
596
-42
483
-508
-518
-204
-617
536
-90
789
40
499
-884
-15
116
-534
910
968
240
-458
942
-882
1000
-868
-219
21
874
347
222
396
-155
-202
-323
-906
274
985
-976
-548
280
-633
-960
181
817
122
979
876
837
-378
752
-200
-776
3
-400
-821
-356
-641
682
-150
235
-853
811
261
-265
-111
43
422
427
709
-806
610
-236
313
338
637
-758
-193
244
467
-741
-759
-403
936
733
619
-336
-993
-860
179
528
-599
-484
796
-747
85
-1
312
931
-773
705
316
790
170
357
739
-632
-74
762
-642
511
-8
688
-865
-645
217
-335
759
-515
472
-115
-767
-290
625
527
-49
-493
-481
696
581
-197
-41
26
198
-479
-624
568
-155
-270
498
-417
828
300
25
402
-616
861
-658
523
960
-952
-596
862
226
852
-975
-8
-335
580
-397
686
-882
-191
-774
-792
250
893
-897
-936
-590
91
-372
382
-722
-775
-948
-190
-215
443
803
356
151
-349
-250
-21
-998
210
712
-42
880
-380
-123
838
-546
381
-274
66
-100
2
273
-226
285
-266
124
-62
428
914
-558
-113
167
641
-433
839
-699
-820
522
590
-364
516
-414
195
77
432
954
989
456
-505
-567
-767
-652
309
-129
306
-512
-454
-607
633
355
-706
743
526
-57
494
521
-916
388
270
-507
164
-577
-245
815
755
973
-953
-991
76
-537
-556
-993
-219
873
790
155
409
-136
-727
-955
466
431
-644
252
866
-289
706
-362
638
35
-454
506
938
-287
-257
66
-763
-992
877
-416
-878